5.639861706
6.293147509
6.084128829
6.015858277
6.975864383
4.747103912
3.752689309
6.138259457
4.324684638
5.699755875
5.762171068
5.139800282
6.623261132
5.124974725
5.017035221
5.316618305
6.973123584
5.09602303
5.674755261
5.547273571
3.67073695
5.368258314
6.636694178
4.027310193
4.672915122
5.466783398
6.383916596
6.769454069
3.279959794
3.001555334
4.122540264
3.620421642
4.429026828
5.887335466
5.851038706
6.035678137
5.536178335
5.46410969
3.642317399
4.0211072
3.71990678
4.625813601
6.078141409
5.601827579
4.552441659
4.627514104
5.006285649
3.82096817
7.413268125
5.558090934
2.363673623
4.976340527
4.297232
5.782746038
3.609464161
5.902090545
4.548208932
4.16775125
3.111253739
3.202169994
5.745324053
3.590747553
4.513750526
4.568384452
5.58138907
5.850925632
5.185015918
6.874731171
3.392097099
6.257810339
5.980440981
2.653279509
7.041196902
2.841189669
3.720763218
5.364369757
4.413044151
6.181647348
4.694606937
6.462467817
3.65041804
4.523132111
8.006087032
5.360740007
4.154336752
4.781038088
7.151983103
5.181775551
6.187098253
4.817712888
4.40092767
4.516400374
4.404598542
5.758708714
4.161225909
4.961272981
6.774920508
3.889172531
2.914748519
3.594492374
7.766819255
5.760000689
4.727019429
4.741781655
4.481213733
7.3802684
4.755263361
5.510554173
5.30445898
6.662234732
4.967218807
7.376504984
5.614027285
5.484305398
4.525763717
4.911488027
6.893752746
5.781077011
4.480492085
5.750927688
5.937614554
4.349243141
5.315151646
3.971831459
5.469258283
6.152744706
7.077932655
5.858134927
4.204040821
5.818845137
6.021693923
2.484054546
6.298763653
5.241509065
4.231412177
6.073395364
6.379514619
2.536997771
2.856450084
4.730272078
5.863402733
3.457107409
4.621864384
5.864124853
4.839529838
4.577161366
5.340894704
5.331646107
5.605402542
4.528493554
4.195674341
4.200502203
4.92544107
6.396268314
5.455108394
5.699265401
2.199551015
5.936271521
3.631704972
6.246211707
5.051352583
3.284387609
4.487981072
5.875363066
3.669719222
4.692075231
5.349314501
4.696796508
3.617457296
4.126923782
3.634575431
3.907333135
5.936122729
5.8732214
5.639668199
5.121692417
5.459537853
3.204773535
5.28806598
3.279347275
7.044473015
6.131210922
4.247373954
4.961787453
6.729436903
6.711441102
5.794423662
4.100761494
5.957880051
1.655706634
5.975889527
4.385174119
5.621559811
4.342148314
4.613682706
3.960110063
6.611050957
4.601989162
4.313772841
5.382206621
5.84779326
4.212046503
4.213752391
5.784625797
5.358104974
5.331925755
5.778244643
4.153186593
4.388510279
6.11116379
6.142133631
4.779364326
4.814619104
6.777762469
4.779317917
4.96770902
5.066951574
4.792458637
5.863790519
4.424143916
5.167740064
5.085186828
4.323524203
3.588527009
6.041150868
5.544412113
4.580197561
5.540693641
5.506328982
4.149317854
5.827570942
5.558402986
4.355198696
3.943752923
6.184742088
6.21394666
4.637861388
6.255522984
6.079338224
5.269244886
4.788506814
5.610344359
6.505873551
5.30697267
4.669634552
3.582731238
6.049719083
5.269976938
4.871830032
4.264495866
3.715082014
7.330388959
5.713223097
5.188188921
4.926842725
6.158724773
3.96641469
7.232524909
7.232673676
2.674137194
7.383338062
5.211275062
6.159132087
6.69911146
4.475296465
5.608217801
5.470741969
4.387619379
6.450778077
5.325835908
3.148662708
3.709737454
5.977645291
5.428421527
7.231472449
6.470338223
3.320910378
2.769695379
5.428007941
3.184606715
6.008496169
6.411226728
5.328891132
3.731057775
5.591609277
5.178595672
3.459570554
6.439228966
5.446122724
5.404097011
7.166475918
5.547515559
5.197685837
6.51590005
4.791308487
4.220817792
5.232649625
7.543599311
5.542269434
6.96845676
3.220068905
3.077262064
2.576036127
6.669834928
4.590349771
4.836359315
5.198561818
5.616012826
5.963671413
4.949772466
5.412184843
4.374218878
3.957895579
4.695766778
6.267924905
4.872634246
5.031946692
4.022658536
5.121474839
4.091813123
4.811818693
4.602500316
6.468823453
4.029481288
5.420758556
4.295659268
4.902247036
4.483864758
3.923140264
5.838481361
2.88208484
7.487950206
8.568699024
4.933372576
4.242868648
8.047657219
5.222640708
5.621686652
4.111063966
3.464792618
4.195774009
5.280655985
5.438761659
5.154636021
5.16230082
4.678642371
6.588158876
5.078756393
6.045664139
4.424068488
4.955570239
4.620707142
4.652616928
4.096508378
4.949913042
3.812860796
5.43476382
4.582437898
2.787675743
3.656810594
5.268341192
5.609742962
5.10115873
5.305387726
5.235742019
6.18627467
6.19916499
8.357830432
5.562291425
4.146630283
4.890221391
3.574529881
3.666229143
3.627413343
3.845329723
4.788474829
5.168528329
3.507601998
5.060631452
5.326557129
7.47813551
4.052201677
3.443608983
5.481463841
7.561116073
3.537564078
5.818534218
3.744278984
5.992905259
4.726675671
5.071970254
6.308928793
4.202015485
6.95866155
7.777401169
3.617237428
4.319295981
5.764680795
3.028617224
7.480110819
2.53134812
6.323995649
5.308314659
4.686825673
3.301370914
5.822069411
3.077141651
2.934493557
4.360906761
5.735055603
4.928570004
4.003825718
2.654831109
7.040853465
5.55365293
3.000823595
5.610313506
3.384228353
5.024687792
5.340655889
3.397093187
6.520106941
5.523190899
6.961558536
4.960061574
7.247602817
4.723142894
5.253427102
4.376147713
5.445931814
5.153745098
3.439079071
4.524228093
4.410316909
3.578982049
3.86262164
4.012678853
4.350696734
4.208767091
4.551119663
6.455624816
4.339588902
6.56239589
1.935080454
6.542867447
3.793586821
5.058125845
4.784315331
5.300273482
3.790450801
5.066742943
3.823046269
4.459377513
5.435073024
5.891458822
6.764030238
4.666940824
5.884281285
4.765971673
4.488781089
5.025288107
5.632652084
2.885208367
2.485265208
7.542091461
6.848592236
3.101040704
2.667645374
5.147651355
4.517623833
6.91911271
6.331741732
4.982676254
4.149832108
7.465815301
4.532176671
5.722458922
5.639753631
1.573824487
5.784239924
5.521833957
3.390602593
2.969349166
3.889186793
6.598176119
4.022965128
4.931658527
5.534588687
2.97268576
3.42660906
5.343121684
2.836074336
5.716931867
6.816202195
2.958863008
4.814147751
5.126027859
3.299053296
3.799282573
4.822114783
2.256874653
5.319571928
5.981059183
4.16566092
4.202687723
4.157405855
4.160711048
6.705222543
3.712785504
6.411588983
4.409101826
5.777915127
4.932556185
4.38849498
4.814984422
6.204445145
6.688132253
6.592544859
4.345399325
2.015757883
3.033290372
5.74664609
5.174923229
6.30428245
5.479576154
6.091283628
5.443464509
5.152441111
4.776827933
4.157096116
3.954757018
6.720777668
4.206034346
5.461184008
4.589550475
1.904009621
4.515916695
5.699157329
4.524623949
5.845426037
4.628817644
5.956282514
5.256548874
3.80708988
5.151279148
4.656062167
5.866127635
3.009966527
4.402408364
4.113679778
3.451913216
4.32863059
4.911396804
4.615806169
3.239927708
5.305174963
5.286792957
5.341227707
5.686152484
4.247503496
4.745039063
2.912174889
6.683434024
2.609732919
4.179491043
7.345766358
4.237112181
4.802700629
3.651877529
3.990858008
5.823930064
4.465853605
6.066765108
3.699580199
6.629192166
4.405599746
5.447114148
3.119452786
5.259258931
6.314677494
3.558460023
4.100858317
4.314840767
2.926655326
4.797200205
6.698650792
5.172939761
1.537341996
4.951075948
3.894011026
5.117600104
2.64994507
5.775513812
3.327903438
7.269588735
4.040356313
3.844764436
4.63873464
3.241462274
4.399113913
5.038879171
5.306923459
6.063637613
2.451619253
4.12101883
6.337589374
2.864736154
4.205282448
3.907922532
3.591382849
6.496200891
3.498733393
6.98606654
6.205916542
5.419640401
5.534864818
6.259791824
5.982344543
3.175710155
5.39080072
5.574860312
8.636195752
4.729238677
5.337448886
2.405416892
6.313119389
7.2596972
5.04826801
4.105669782
3.272110362
5.369950848
5.350962869
3.839080032
5.605534907
6.413190529
3.649290911
6.817508037
6.270579295
7.337265841
5.429949814
6.526776728
6.290763187
5.506770984
5.144917483
4.711647116
5.254673713
4.31366288
3.120319497
5.932630369
5.400306393
3.879827699
5.911974278
5.99621658
4.006170971
3.487433223
4.160679079
4.209867798
5.322016848
6.834282921
6.265073927
3.949657414
5.231972684
6.298782582
4.763174706
4.346204947
2.957687847
5.238559805
5.364525218
5.018942934
3.83072309
5.965970421
4.492020627
6.242750837
6.567678773
4.835633232
4.642319319
2.279332615
5.953730193
3.663928901
5.518229047
4.574139178
6.120713648
5.105989788
5.222268602
2.193442601
4.761486806
4.170629175
4.815196219
5.36408648
5.773677641
3.761513547
4.847094265
6.941497571
4.56635287
4.234815624
5.317420774
4.496843729
6.180183549
5.65167972
6.091863681
5.292123994
4.256291762
4.381059387
3.847624175
3.343614681
6.010265721
3.230659137
6.626785272
4.476862969
3.547570686
5.614326429
2.312563627
5.891054154
5.038574062
5.079066146
5.861440562
3.31334613
5.020205237
3.377271208
5.629438617
6.101941071
4.121464564
5.752723415
7.811705297
5.726944954
6.29304699
6.363878832
6.870169291
4.809105957
4.940273377
4.765617033
6.340661377
4.055512373
2.362814077
5.278410911
5.401016757
6.569383465
6.115179063
6.454213377
5.880208378
5.17370522
3.269276327
5.535509949
6.192620795
3.589883931
3.883758945
4.120861553
6.076187466
5.995289252
4.758587332
5.476821075
4.991710593
6.437179885
4.861668166
6.413725537
3.794468025
4.708401615
6.641013792
5.700738539
6.076892745
5.5020356
4.379296385
3.872374651
5.497434562
4.631135617
3.681342111
5.590814546
6.015539136
4.073340658
4.492533526
4.407136872
5.545922766
3.673228768
5.36865037
4.607555722
4.009553261
6.329689274
5.162241522
3.964660577
5.688545307
4.06666
7.511567003
4.601745871
5.680088825
5.048181095
5.605860857
5.165638479
3.317641065
2.75508841
3.528569718
4.884821571
8.339661504
4.831731812
4.291877316
5.112043653
2.773886592
4.508421424
5.015567773
5.724715233
3.830897219
5.060730281
5.576635383
5.458348533
2.180906068
4.680342279
5.902521228
8.049536892
4.981928813
6.951373141
3.264958071
5.420089422
5.229548066
3.997744243
4.345897974
5.312127223
4.016986713
3.587176386
5.60800783
4.863986626
6.67324738
5.830008847
5.265110087
6.391332359
2.612816806
5.804606779
3.832422176
6.598540468
6.009633355
6.335657487
3.725479407
4.675597194
4.744293682
4.774122303
2.777399921
5.862926752
3.623474709
5.28096524
2.523593031
5.004412454
3.153024821
4.904060028
5.257267757
5.043022421
5.73377071
4.659956882
6.099987508
6.064424918
7.126505476
5.129035745
3.862787587
3.37892485
6.581128189
4.522456616
5.943185484
1.132976854
5.741753906
5.661242901
5.126864136
4.302726287
5.53987542
8.414751757
2.945533133
6.964368439
6.736878146
6.593020998
4.209234375
4.64202409
4.772090622
5.367145928
3.416586025
7.009430922
5.947506883
5.771307624
4.671254984
6.236197438
5.292966115
2.072994887
4.603052566
3.017739802
4.961402551
5.802481598
3.347258578
4.374221681
5.12619743
3.682520666
6.757938701
5.701742037
6.472834527
6.383744037
4.306255778
3.830853919
5.128271533
4.858855623
6.027772215
5.175482371
5.957892783
4.629081666
3.599404677
4.216477581
6.498118941
5.02937657
6.092444312
3.288173694
5.502905489
5.943129779
5.046668423
6.327788637
6.004161807
4.053704729
6.260317012
4.152772184
5.83561613
4.433217301
4.045486597
5.91115794
4.936810061
4.290446623
7.360267323
7.713776527
4.527109724
4.401139044
4.350866058
8.140049059
6.523373467
5.625395054
2.22943304
4.278614722
5.17026302
4.690881943
7.083401128
6.365332096
6.439846138
6.339638633
6.320335587
7.081301999
6.015624938
4.459510422
6.01401177
3.317362178
4.094735841
4.581838433
3.357571273
6.526139528
3.370087791
5.760640454
3.783043175
5.459077446
5.654536722
4.235355447
5.077967306
5.503227361
7.082573017
6.149652208
6.053637556
4.997994272
3.423075319
6.515934073
5.560411068
2.996584785
4.835724899
3.976544555
3.912010983
3.875759916
4.329334688
5.284958164
4.272556367
6.435106704
5.77583272
4.131102616
6.209060136
5.105559061
4.078316938
4.894589308
4.634510806
6.946519546
6.259177529
7.435118451
5.12340869
5.213085564
5.275015128
4.760430615
4.988574403
4.552689762
6.238466504
3.86270524
6.424329198
4.520353756
5.491349311
6.480128948
5.526082694
3.286475267
5.0085793
6.651845919
4.115815043
7.284167857
4.979281078
5.403107275
5.30396607
4.522039291
7.825651028
6.198162022
4.41608765
4.02882161
4.725464735
5.112442885
5.256534459
5.994918129
5.595445113
6.326017558
4.646386102
6.342298289
1.540978686
5.734037085
3.402075424
3.330787044
5.103818055
6.485661306
4.215384791
6.909452764
6.080574741
5.03717949
3.716713218
6.382136778
6.497562885
4.537001292
3.277974881
5.970755657
5.169643726
4.544406233
7.686518832
5.633243252
5.87481672
5.791856028
5.428014875
3.652337057
5.102940019
6.149512418
7.360493311
3.804655477
4.1830487
4.53466594
5.438804651
6.300359549
4.626960669
6.521071183
4.343291022
4.437914901
5.203817218
4.585663055
5.142938537
5.657771788
4.663668719
3.991809985
4.817518102
3.319103558
5.173492307
5.306410191
5.172137685
4.877369669
5.566475268
5.488245006
4.201888105
5.504401978
5.931259068
6.247139413
4.326782086
4.279090519
3.880618567
4.050127305
4.63399172
3.105324455
5.01786557
5.509244076
5.688069779
6.051762155
4.131016983
4.274820801
3.994707343
6.735282991
5.739166677
4.632674656
3.954505777
4.040317439
4.056772196
4.68699999
5.399635034
2.849693785
5.939622967
4.931103704
5.097480101
4.800158524
3.805477891
4.92586551
5.121838819
5.398063551
5.902605305
4.065997243
4.695943439
5.388362717
6.182991018
4.908918012
2.496902677
5.21138895
5.591681729
4.95295486
5.523375349
3.696202219
4.370625417
4.901954749
5.86582589
7.839673385
6.104852913
7.350623071
5.655334142
4.964161059
4.458507986
6.076537324
3.471669827
5.794938629
5.121790246
5.922727096
3.849428192
5.734074952
5.385035011
3.305162733
4.897883206
3.616526932
2.155729499
3.926909855
4.200604669
4.572310544
5.545719447
4.454777669
5.421186512
6.18068032
4.989777686
3.942350849
6.162956201
5.342362395
3.2195731
3.613986823
6.699544846
4.366409266
6.600302861
4.719063827
3.129508599
4.424290841
6.959025288
8.855730055
5.804696996
5.641376002
5.158255104
6.216668462
4.432229331
7.444687703
6.077325551
5.540096362
5.663822333
4.92144663
5.214875913
5.529889457
7.148172911
3.278949077
5.733976844
6.230481485
7.422377476
4.821880735
4.86536205
5.709324863
6.293578232
5.818974105
4.878056348
5.425464051
3.394744304
5.138229433
4.643255073
4.104289764
3.032002295
6.005828906
4.63376427
4.820297804
2.31320246
4.356438466
4.259206612
6.450615578
3.168723727
3.644312049
5.385029935
3.992650837
2.808988269
4.679491549
5.248197724
4.668650114
4.645113933
3.644185901
4.749059372
3.353262579
5.478786042
4.306759148
7.527202573
6.304886579
6.50383489
5.470224499
4.277362165
5.433316945
6.630971459
3.496609277
4.847838389
5.742427779
4.900871153
5.577877561
4.666429964
6.034376591
5.246860313
6.056145125
4.025260849
5.030337851
4.135842967
8.031891392
5.883313756
6.553787567
3.72269387
3.659431721
5.037288226
5.470545157
5.291233867
5.729463645
4.760933346
5.540344789
2.990812867
5.109506864
5.96935955
4.209040579
4.928363976
5.452356776
6.013823366
6.262568552
4.913495074
5.710496264
3.566018316
5.257327706
5.151307395
5.600093905
6.050818445
4.970945614
5.169295369
5.730182007
4.702650838
4.466640337
4.700684166
6.626577906
5.516173592
6.260626995
4.522835376
4.531682092
5.076830269
5.624229027
5.994210284
5.40080201
6.156682169
5.369076635
2.654843363
5.069725136
3.371754751
5.068602724
8.207878495
2.474916938
5.331326405
4.939028788
3.063888935
4.74305677
4.782602907
3.424047491
4.016492543
3.280060425
4.644586751
4.900544274
5.164508927
1.395131523
8.414529065
6.277837112
3.820781463
6.31606638
5.608164702
5.746231397
4.082393136
4.623172778
6.066708664
4.661050346
4.118529075
4.1201698
2.626561412
5.059570253
5.747580949
3.907603912
5.173129898
2.89634281
4.468175796
3.409147284
5.50592373
2.855288608
5.335281806
4.456436256
4.842800482
3.299817327
4.970350614
4.294441648
4.305076455
3.289402419
3.37773171
6.216288857
2.440494459
4.589344449
5.776720411
8.614571778
5.890832616
6.098091556
5.923333831
4.564229509
5.591226837
3.954656252
3.366269697
5.938916892
3.661344698
3.988350522
6.907247512
6.448840974
5.46010204
5.70467075
3.487372966
4.953834135
4.136600673
3.802898507
5.689587159
5.965354573
5.6805636
4.560709498
4.895085165
3.872010565
5.566228039
4.80575231
4.407816353
4.901425577
6.822530747
6.065635669
4.390945646
6.136274834
3.573955651
3.722066599
3.133803311
5.164661533
4.526180418
5.895606807
3.305176976
4.859745676
5.697546972
6.364804006
7.269914416
3.970211348
3.022784483
4.533991639
5.826482889
6.061927632
4.14951577
5.823799978
5.771421018
5.112210082
1.864699451
4.46883108
3.180656797
4.782075285
4.796081083
4.288946884
4.735027415
3.320294255
6.851402554
4.300556589
3.604166919
4.398708539
4.086399722
3.820122206
5.352955847
5.776017561
3.368435395
4.671739049
6.024042226
4.959190865
5.589980123
2.610304081
5.837829922
4.599864125
5.395261927
5.103153778
2.907101077
4.605743639
4.812145631
3.130246093
4.709859298
4.078230411
6.960127645
5.879519703
4.186120317
4.299017431
2.756863317
4.711580096
4.677304772
5.304488896
6.197672137
4.226179265
5.129697834
5.127452363
3.102785141
5.056381905
1.012950846
5.769308475
5.987785608
6.185075373
6.058120477
6.642686418
2.460904563
5.666125408
5.83560301
3.25187969
2.529442898
4.176007702
6.619284517
6.946691411
7.195714528
4.47865229
5.923549943
3.865168919
4.309753034
4.707531541
2.596287889
4.459050758
4.72003257
4.968752623
6.115230865
3.567821633
4.792485329
3.975202365
3.737767263
5.00807077
5.546408254
6.874315939
5.025809994
3.786979436
3.870535786
4.908502113
6.617121536
2.416437143
4.875976993
6.246101563
4.554379681
5.788078274
6.589224571
2.95441435
5.852813522
8.047927414
4.38998355
3.81491404
5.686688609
2.599300085
5.06189652
5.006832109
6.048937317
6.736487636
7.278034325
5.840822435
3.579476217
4.625606196
5.541687275
5.193395509
5.883614816
7.045850112
6.120919535
5.801509826
2.485771811
4.852584763
5.878963604
3.824767775
5.039961975
6.776182371
4.646582885
6.093560753
4.910548892
4.012393557
5.078619777
5.652628361
4.4973658
5.256899967
4.621910641
4.292824025
3.294500459
3.589691948
5.479945374
5.222604989
7.334430856
3.376866527
4.932039024
4.212530579
2.478087224
5.757969815
4.156619582
4.757026631
6.346547471
5.454961101
3.398564607
6.072417383
5.364570063
4.366049682
6.773570505
4.682695215
3.778454882
4.23067669
6.929470554
2.514682849
6.308143677
3.919460184
3.497896247
2.32427398
7.193336469
4.788991999
3.925752806
4.381917224
4.86293223
5.884630489
4.344034828
2.336260789
5.575487969
5.70147474
4.407115237
5.469491791
5.759374727
4.985742626
6.111205502
5.588902657
5.117665094
5.681700283
5.316436855
5.461810816
4.479095622
5.397367996
5.2264178
5.695507764
5.64861287
5.944280284
4.773748247
7.143849128
6.435683195
5.666888585
3.608796115
6.897258015
5.262462212
5.477837073
3.599028184
4.544054051
5.820788332
4.275526967
5.40376401
6.584306473
2.998217262
5.537270176
5.294664867
4.256656989
5.763506473
6.903083454
5.823588694
5.470397756
5.521417603
3.090708095
4.058298451
6.469455859
4.243857093
5.746596853
5.636056677
5.63677434
3.244053824
3.538072323
6.5957003
6.83883811
5.162340834
2.680840594
4.982390993
4.312042939
7.826708351
4.573978994
4.068093652
5.308883524
6.738679315
6.050527052
4.319657231
6.12941807
6.251712381
6.216808261
2.977312275
4.788141443
5.130975256
5.297056299
5.660635182
4.510510039
6.176912855
5.067214709
5.472008246
6.545838561
4.052437489
5.363347614
3.613591785
3.900511703
2.619299777
3.872465437
8.315303539
3.731771425
2.27233184
6.522451619
5.997183951
5.48283957
4.190604693
4.98130187
3.657928195
3.633337885
4.137083116
4.992654855
6.126577639
5.394635474
3.652533229
3.936147451
4.916948489
5.418161716
3.762291435
6.875132179
5.603573503
4.840824743
4.732625651
4.488062207
4.619538939
5.904842023
4.517370467
5.676826777
2.158562995
5.215851171
4.571233368
4.476924914
7.244838334
6.372596079
5.528647249
3.764097637
6.202254952
4.166994987
7.026259706
4.689278271
4.60579257
6.164781466
5.495567256
4.745357485
7.098604392
6.08479898
6.738476441
3.744502022
4.400587608
5.297105347
6.237719937
6.128111113
6.386669942
4.669577214
2.970606369
3.196087642
6.600415853
4.814228133
4.060743968
1.66788878
5.411324798
5.115521914
5.483662997
6.648551043
3.663347232
5.115916998
4.558337998
3.784711144
4.845720992
3.789973898
6.202621074
4.99517313
3.527534214
4.473593514
5.677922656
5.475183382
5.387085558
6.810542721
6.270399588
5.321148011
4.660869352
4.445082643
7.439927535
6.491645972
6.593289433
5.337701505
5.308904809
4.840396062
5.232477703
6.67757402
6.274028439
5.878490963
3.640793048
5.775771135
6.286853455
3.798896649
4.300781204
5.830923783
5.63478327
5.294606306
7.252952179
3.054559446
3.897904518
4.382144131
4.567972405
3.143292286
3.398641374
3.836362013
4.907425972
3.22679376
4.157424074
6.736668954
6.538925068
5.980316833
3.139815293
4.487404589
5.305204764
6.605883108
4.333656405
6.286107843
3.751946568
3.369426316
4.483942071
6.748342877
4.778110625
3.710380536
4.866372041
6.365258678
3.394343577
4.085638403
7.443322619
1.976876986
5.049848408
5.240171176
4.821342725
3.291028409
6.168929343
4.365098684
6.064777241
5.840958227
3.712327391
3.431685325
4.817302408
2.765326735
3.684899256
4.688601058
4.409287943
5.22877435
4.434859231
4.22181699
4.405828175
3.63350482
4.99502397
4.497467285
3.532989542
4.131108018
3.873705247
5.291683566
5.188372068
4.469452921
6.970772386
5.435432965
3.924191131
6.650495424
6.084676633
2.751669347
6.742437006
3.83140385
5.298359797
4.463637093
3.629460922
5.10749579
5.983488135
3.629446753
5.764759653
4.754714028
5.238799183
3.908792496
6.805032463
5.142263603
4.53455125
6.835840328
5.734134482
5.108146246
3.502237484
6.045728343
3.720072165
3.416880623
4.217045769
3.509963092
5.792030055
3.302189724
3.804833981
5.015110427
5.532383539
4.442238123
3.792180174
6.367577062
3.452983079
5.822418627
5.236622374
6.10167861
5.553543395
7.26580419
4.280367727
4.476717785
4.59088974
2.753740536
6.317633958
4.790957426
4.18437016
5.969145254
7.238090855
4.724066297
6.387111394
4.591961661
0.8600966879
4.092197759
2.638579946
6.083499968
3.116228806
4.45795862
3.755524114
4.874329336
6.086756054
5.012644678
5.32569447
3.820072129
4.68989554
4.407525293
4.854071605
5.243304584
7.738194464
5.176200367
5.409098762
5.501767275
4.796431213
3.483185711
2.997796741
4.734673461
6.41097207
3.884848389
3.393931079
6.989202802
3.689103965
3.023043329
6.845098877
7.942675508
2.361346735
5.773439111
4.710053541
5.009988752
2.764757508
6.573941691
4.23168805
3.044338896
5.858046349
4.512117738
7.087481785
6.471113857
6.558175482
6.300857686
3.970325656
4.288921219
4.541244572
3.060141154
2.193178603
5.275470661
5.671990786
6.141837369
4.426615073
5.252322984
4.884585695
6.593759958
4.804901997
6.191300268
3.834733352
3.354705737
4.489540577
5.556095934
4.796374005
5.383262244
4.219342899
2.375373736
6.074676118
4.904749012
3.464776985
4.576187497
5.657365147
5.896139178
4.050673038
4.116784152
4.254028357
5.313075049
6.445858427
5.555348285
3.247509415
5.046280141
4.095108395
4.79799016
4.16524912
2.638202868
6.942376985
3.820095023
5.139458125
7.093063239
3.656487513
5.395992547
3.582273055
4.174087325
6.265191796
6.434417331
6.028470469
6.265346598
5.117530774
4.820321489
3.212421255
4.498543936
2.966908627
4.093438085
2.003928245
4.312855809
4.294464648
7.556042616
6.033621593
6.194372193
5.317943672
2.250916754
6.10734642
8.273325553
5.495254372
5.212011255
5.903513104
5.894015747
5.407412621
3.697319674
3.949853854
4.023833426
4.237952287
5.816404311
3.845178174
5.613181594
5.561441824
5.052580549
5.326457301
3.196906518
5.037709536
3.74362336
4.917608541
3.264463316
3.164413423
5.325316625
6.373408013
4.091356267
3.957847051
5.296149329
4.499180343
5.69220608
6.792173443
5.164707416
4.982306958
4.637211095
5.792526575
4.633929951
4.301076698
4.790928598
4.893051473
6.330075755
4.602960777
5.594133853
4.131965816
3.176580378
4.208133431
4.052076616
3.735825526
6.032275054
6.556790767
4.616383257
6.095091688
6.128386836
5.898699093
5.065110618
6.335287553
4.484216786
2.826256869
6.019221298
5.659359595
5.421766451
5.55897126
4.329961145
4.558264473
3.872150573
7.348633924
6.28263218
6.284176541
2.984666492
5.344471131
4.460545203
6.261571917
8.583121664
6.258979443
5.222943079
5.890929279
2.458111205
2.870916639
3.646081186
6.659262496
4.583678319
6.553431949
4.30765914
5.25673224
4.721663086
3.969084246
5.046208951
4.725861572
4.899649631
4.251157436
7.906476873
5.825769316
6.888709531
5.039775099
5.106196086
4.935567633
5.822404407
3.724738878
4.021898878
3.586476982
4.631593776
3.894955739
5.964417677
4.646279079
6.99336571
4.08319225
7.090300322
5.513645837
2.856766357
4.685516123
4.986771512
3.277435762
5.965916
4.989754739
5.304191636
5.509017386
4.78254848
5.244066212
4.934649469
4.48234152
6.080542466
6.47658686
5.139423508
3.531958922
5.208338645
3.556027048
6.324028789
5.209137539
5.197627078
3.593836277
4.365343662
5.66743107
6.140154209
5.798913361
5.373365838
7.699188356
3.703636932
5.647826242
3.964230043
6.915594905
6.323867727
4.986076817
5.666572586
2.755260895
4.751027276
4.535066684
5.993452645
5.285904154
5.972972316
2.316858114
7.773951352
5.26855673
6.867322727
4.910932654
4.01875341
4.247391393
5.311611373
5.758582681
4.134796723
4.205480335
3.046176017
6.111837194
3.425950859
5.782943639
5.206469726
4.591786544
3.72003946
2.779777442
6.259112269
6.301414046
5.806896697
4.860776968
4.318080585
5.351701103
5.723106222
5.361678976
2.696593627
6.097772439
4.980370506
5.755187788
4.682628053
6.248065029
4.939519567
4.379966698
3.251523326
5.42943534
5.978078838
6.41663978
8.500402791
4.82625336
4.665917521
4.370374032
5.311356498
7.095877675
5.466509314
6.320844339
3.577631606
6.592760035
6.419290245
7.621036364
7.426413015
5.022963243
4.338375296
3.761258636
7.379963874
5.264225371
2.097522793
6.972634311
3.832605384
5.467319588
4.594192801
6.268653741
4.334659962
5.698099723
5.255747806
4.588297696
3.869912498
3.951924978
5.432295156
4.712269373
5.152792315
4.615710348
3.366355766
6.544706092
5.383339341
3.526449782
6.351244633
5.149565568
7.250809659
5.26342663
3.17119369
5.528960821
6.017518533
4.191394581
4.930064983
7.346410175
5.859471384
5.354885183
5.010491437
4.273409885
5.595929588
6.544068614
4.808426068
2.784463622
7.043626654
6.543079707
5.074947507
5.056364173
6.319999881
5.322015755
6.946557883
6.322800481
3.895023681
4.593779939
4.522082643
6.174553494
5.136269255
4.4701121
5.149541818
7.858165606
5.150346333
3.748955929
4.785720685
3.719776022
6.002106671
4.265300094
4.635499603
5.570356672
5.272466263
2.942288005
6.597699088
6.147645428
5.508011375
5.930248672
3.596376677
6.049879109
5.311917287
3.457882642
3.855250252
6.07872264
4.54365669
4.666211537
4.118345438
5.239673332
5.343040746
7.100748205
4.131060096
5.692107627
4.020038803
3.237806898
3.874304314
4.698615862
5.609567242
6.754836989
4.27484627
5.668233669
4.604602141
4.004176284
4.862528063
5.036811573
5.225427314
4.636614814
7.584970456
5.883885168
5.17071309
6.923226589
6.416313703
5.066567779
6.393671228
6.16163906
5.619939369
5.901549821
7.584217891
4.319960587
5.773924186
7.346815415
6.536393704
3.026854473
5.47870225
5.860727418
3.944271319
4.471768375
4.69887445
7.188153139
3.105863174
4.606049571
5.032649978
2.820315506
4.312769732
3.994924099
4.218475852
3.591511752
2.088092984
4.724754373
4.858471864
5.908912124
5.172617058
4.922779051
5.235409156
3.633157131
4.790659101
2.454514582
5.836695744
2.921456197
5.277869334
5.326551718
5.320412804
4.253529003
5.196043622
5.780051946
1.700305119
5.333104748
4.278049235
6.294659374
3.549043743
3.712410052
3.975323174
6.729426249
4.919652743
4.324767469
3.564474882
4.386569157
5.786808481
7.003033478
5.670511731
4.409884337
6.682525271
6.270998658
6.427321847
6.455422061
6.894197086
5.237340205
3.957724429
4.729488573
5.167731013
4.774415072
7.635300875
7.344523232
3.394550344
4.83849479
6.193136311
4.975861779
3.084476462
6.309124499
2.319760608
2.707356166
3.079394683
6.402904762
5.04963536
6.227651248
5.377222098
4.702282968
7.095183839
4.087738509
5.074239773
5.297930247
6.601191506
5.321320735
4.080638962
4.734946653
4.034320111
4.367073346
4.91860764
3.451738942
3.438532069
4.319499891
5.157415541
5.261403962
5.851377413
4.689118889
6.484649198
4.290956284
4.585018102
5.269744263
6.156678619
5.395137343
4.709749906
3.519430683
4.866053829
2.623067291
6.200012452
4.770767314
4.427898003
2.667497957
7.19715046
3.661054543
4.029220047
4.769933214
7.958682531
4.61860415
5.920001294
5.54129335
4.160856078
3.844166669
3.840139551
4.958012213
3.615615641
4.916371104
3.763437559
3.816765615
3.101567936
3.984150816
5.120698139
5.94839273
5.022274491
3.570930359
3.838684925
5.983978576
3.599832556
6.30737239
5.397964079
6.141417377
4.070567249
5.835772819
4.416917656
5.305925159
3.968275684
6.180967241
4.360886154
4.841116017
4.245312505
6.337543646
5.502892022
4.050103724
4.650817654
5.01350982
4.479678333
5.353296435
3.348835307
3.361320598
4.514839441
3.612846386
5.308161515
4.475972142
8.589965298
5.645969151
5.128841116
5.104591495
5.892712498
3.556898629
4.568371087
5.557177403
4.161114702
1.429044617
6.869614058
4.055307446
5.318558029
6.047557344
1.935345173
5.121098137
4.18921299
4.179366793
5.399745327
5.919821805
5.696721486
4.908316197
4.691622472
5.542272693
3.53717483
5.486766694
5.491114632
4.929873549
4.302601829
6.843038267
4.54876532
6.345190079
5.815242338
3.38032872
4.756048958
5.440512717
5.98930305
5.692425563
4.167623856
6.651773127
6.226573928
5.731556311
5.700941734
5.122737119
3.840767191
2.721574532
4.653508471
5.607705114
6.289778129
4.835999649
6.497701639
4.769740241
2.283258896
5.429877224
5.544559026
6.166166167
5.975997438
8.351774977
5.084873897
5.565206858
3.121810261
6.195873443
3.668927608
7.697331556
4.581164921
6.933140751
4.066577653
6.585515246
6.122311641
5.167728663
3.194013359
5.980791029
4.95792966
6.025496411
5.367871377
5.074634457
4.626052968
4.548694505
1.334595612
2.830923593
3.765146415
6.146429404
5.951652431
6.22802306
6.813688949
3.833659194
5.751219022
3.933230665
5.657318302
3.316684134
4.606695735
4.547048335
4.69085843
4.239240801
4.797703017
3.018071486
5.513945296
3.830698876
8.178152345
7.188943807
3.471776156
5.827196339
4.323970054
4.639434911
5.36253674
5.538953843
6.30831769
3.835108892
5.300894911
3.232198194
5.909320059
3.906797957
5.887084891
4.695158159
5.181054023
6.19923609
6.865569315
4.355240255
4.73856656
4.789369864
7.540555896
3.547359433
3.368614203
3.790211985
5.730852499
4.318909213
3.680395253
5.356168742
3.030319687
4.421592102
6.731350998
3.790813686
2.719995728
4.14814601
6.620095317
3.773862227
4.711026291
5.500739964
2.478679831
4.34097783
6.215367818
5.804142855
5.761025725
2.363055104
4.778494904
5.206365176
4.963908538
4.546983405
5.473713041
2.127935494
5.245297591
7.030240385
4.000091007
6.562810511
4.575717233
7.224743333
5.485883564
2.859702501
4.7089139
6.379892072
8.226370177
3.900361737
3.693815518
4.787759978
5.873545765
5.395668022
4.807628965
4.938042564
5.07699559
5.128737727
7.588005515
5.19431023
5.408863257
5.251147216
8.053022718
6.451054281
5.330906679
4.133924281
4.326658906
4.569531677
4.432096164
4.566900921
4.603248333
5.544557842
5.178957536
3.254766826
6.047728246
5.419447037
4.630433184
7.166799078
5.373272031
5.360532726
6.917035557
6.505055063
4.631373299
7.800944878
4.693571089
3.886306671
4.209972968
4.2488164
4.676904867
4.701780763
5.85421454
6.614882971
3.733679285
3.71542346
5.477456105
5.039005449
3.1280113
5.869443973
4.051598262
6.343145097
5.723236764
1.528784168
5.180922015
3.371556629
4.900069715
6.58424795
5.095936015
5.227596763
5.368047111
2.757893817
3.651398486
6.102429772
4.620833135
5.074527027
3.460630427
5.339145543
6.35206983
6.417880837
6.00597791
4.482749648
4.430120925
5.718241446
4.840524672
5.877167254
4.982651866
5.098827523
5.98200629
3.890106229
5.378577199
4.669949467
6.331715193
4.603957515
5.765735098
4.607453521
5.082771902
4.863412575
5.879038739
6.131082879
4.116161995
5.327844147
4.331554985
3.5948697
5.197880429
5.163866923
2.864918915
4.702678039
4.785370242
5.527737493
6.732412311
6.117127589
4.497662943
5.90862187
4.315125788
4.201617517
4.15184398
5.272517477
3.333760263
1.845265499
4.215598884
3.460008855
2.985327737
6.045738065
4.513318495
5.094585448
4.471494723
3.075341343
5.071520423
6.901217308
3.120007395
5.61518824
3.920657415
2.573232138
5.884074108
2.515161375
3.161139318
7.193768815
1.604738452
3.490527683
4.332801194
5.964121224
2.70904458
4.400679932
5.656617668
5.369994219
4.570815885
4.818640762
3.797375443
5.713310977
5.66344659
5.896637919
4.338751645
3.386597211
5.713710344
6.712803249
6.468664719
5.268752288
3.37901728
6.08870696
1.92230016
7.838444937
5.405747637
5.845193674
3.294618277
4.36855612
5.076574958
5.067095697
2.651905821
3.865094379
4.718656495
3.934740719
6.81502884
4.581449351
3.537694081
4.43420312
6.51737123
7.761133391
3.96744586
5.754741536
4.159031213
5.324730819
4.540797446
5.141295239
5.190425294
5.076401343
6.458302759
5.155736868
2.399972276
5.755630934
4.431446337
3.868576884
6.591346193
4.999521619
6.025081479
3.561213896
3.949182579
4.773126851
8.525746244
5.29991128
5.979547918
3.033388951
6.259654991
4.750762041
6.044043426
5.949539479
5.088642095
4.562204786
6.063275661
5.39234858
5.477290334
4.35610737
6.188842623
1.686692485
6.512839366
4.175927555
6.37964178
4.751367781
5.266517871
3.323182379
5.520253842
6.525656935
4.670936523
4.847798739
4.655076295
3.521136327
5.961506282
5.137780955
4.43945696
5.274375036
4.64309896
5.082654177
2.911922355
5.431596472
3.484481916
3.238833346
6.225846334
4.562704697
6.093686182
4.731836046
5.012043309
4.724312558
5.776671781
5.018627023
6.346831289
5.148478355
4.9288908
4.924013906
6.584482604
6.408265284
5.610736173
4.62467137
6.769562986
4.520349823
2.249327954
4.730282245
4.893476169
7.036754686
4.479975523
5.145372247
5.638171158
2.872899278
6.413682274
5.270752502
3.972084431
6.112269763
4.191400738
7.031468229
3.809626196
4.969967192
4.659339543
4.000224974
5.248728586
6.449991495
4.122917332
5.279343379
4.221419092
5.578762601
5.415609197
5.445092663
3.202297017
2.351134641
5.901385298
3.527770066
4.899897401
6.533705364
5.155409317
5.020593997
5.513156328
5.904970606
6.423950943
4.574396641
6.038512913
2.827282504
4.596806173
4.572924294
5.268251866
6.371066528
3.799082389
5.133229666
3.707760432
5.596529412
5.68929602
5.677894292
4.366749017
6.984137124
6.159310553
7.011541099
4.835547934
5.589279851
4.414551549
4.061498045
6.518732732
3.753691689
4.661328063
3.912352036
4.563733059
6.745682383
5.985591303
5.466654223
2.713538865
4.378001759
3.322213233
3.883562181
5.110044459
7.578857672
5.756055063
4.817959149
6.35817097
4.390406688
3.550207511
5.340637688
4.107161692
6.631725596
5.622437894
4.786410864
4.598828526
6.424206815
3.745453865
5.88234099
3.568905356
3.755702228
4.006796715
3.808396535
4.723711847
5.82831787
4.623940537
2.964557286
5.102205923
6.111342342
3.877070681
4.971131291
5.677830682
3.73103589
4.516838234
6.360173287
7.080768836
3.553335607
4.203004477
3.948582022
4.839638108
4.24078094
6.002561492
4.483974041
4.036022203
6.063509975
6.327931755
4.994075632
6.198647404
3.270357256
6.016499861
4.083885861
4.414179618
5.402965586
4.15066586
5.759223115
6.139445264
4.719446797
6.391235469
5.430992214
1.823477676
6.038059326
4.157435484
4.685044344
4.723534332
3.400922133
4.8374193
3.764567553
5.469154116
7.572547878
5.843049826
6.219576685
6.187883106
3.838067336
5.756521453
4.496916255
4.434788035
5.080808784
6.13436618
5.098152332
7.299164742
4.522789419
5.887782247
4.094901262
4.095143051
5.924413051
4.951042713
5.253801965
3.903938851
3.42665809
4.324168668
3.517899498
3.421789194
6.543363663
4.306446406
5.509621033
6.941587952
5.541678894
4.984919591
3.5218473
2.665875881
7.580375912
5.631166527
6.315851371
5.13818966
4.118285887
5.639744526
4.956118196
5.825466573
4.141929626
4.406526992
5.423860155
4.044216956
5.075584152
6.240326342
4.708152843
5.304678692
6.765565509
4.488056817
5.744320811
5.339909176
5.35051724
7.500300723
4.114413677
8.128004825
4.899295123
4.09684985
5.98031111
5.874642189
4.631762795
4.489473898
4.118319548
5.147694483
4.976396142
4.257962791
7.339478972
4.375075596
5.17622594
4.867226548
3.849980569
3.240630535
3.316515347
4.557409079
7.335209872
6.635154299
4.60943154
4.943156369
3.720000889
3.789853865
3.525510603
7.232558856
4.354739829
4.74362636
3.763408933
5.43176998
4.466466342
4.699931321
3.467873043
3.981215565
6.071715645
4.574654371
4.038948324
6.955296427
5.399298672
6.234273512
5.294126601
4.571850141
6.342243865
7.322519198
4.507083002
4.306293821
5.361501065
3.706422986
5.160767289
4.023579034
3.731898442
3.538905629
5.812204452
5.804558126
4.857620676
5.023050572
6.104184558
5.708802916
6.337314382
5.932616091
3.566601132
4.094303981
3.345146983
5.430401016
5.294840848
1.430052393
5.89712065
1.0672196
5.038332265
2.697323611
1.930467804
3.21722032
5.009990465
5.662406899
5.600538499
5.700646444
5.40982746
4.333138021
4.996394837
4.517857333
5.647253923
7.63827677
3.844140103
4.852921567
5.574518858
6.63964643
4.707174833
4.545688823
4.802691951
5.545038116
5.033374136
3.83638638
7.472685031
3.883684538
6.114933651
6.031871889
4.24634651
4.779528243
5.191048929
5.412072221
4.762261095
4.328300417
6.640448394
3.682161604
4.723679858
5.43974207
2.944891199
4.603000566
4.97317236
6.548949696
5.665975545
3.945121612
3.610022122
3.654958527
6.115596928
4.950580524
4.326029967
4.175185381
5.584641017
5.611734736
3.470897177
6.258832448
5.223397313
4.419753863
6.243312725
5.772608599
3.52256902
4.230931353
2.699743395
6.626587799
5.917704374
5.35334676
4.051437198
7.653941212
4.738916923
5.028657242
6.294618584
5.227247987
5.271827037
5.333977961
4.826912912
3.408237379
4.378683418
4.277932311
5.695457042
4.7445938
3.608201268
5.885461912
5.277979881
5.001888655
5.486438514
5.767110698
6.0838901
4.175488383
5.252286591
5.358215789
6.279634425
5.618207291
4.886533326
5.002881649
5.168749417
5.323322394
3.798097049
4.924785106
6.080116026
6.197298309
5.052073735
6.005815547
3.072648223
5.520822179
5.439082584
4.781199299
4.633624768
4.659131862
5.42719227
3.271178104
4.196060239
4.336324783
3.035296286
3.943922194
3.746180664
4.687693519
6.404876082
4.988146285
6.058068256
4.664050165
5.640984753
8.17372555
3.693302797
6.892872691
4.303152629
6.446235958
5.235135173
3.550486882
6.158614512
6.460299952
5.670020283
4.295347992
4.660264908
3.618249925
6.484692522
5.173911654
6.522340484
2.89414377
4.384523989
4.934228761
6.52981508
6.602535572
6.469289725
3.725743761
3.735474103
6.608869093
4.004259489
6.387556323
5.647383519
5.281443597
7.216929829
4.104848383
4.281499041
5.894935346
6.301430571
5.983082967
6.462378448
4.624035693
4.427551556
7.015398645
3.635172859
5.75682553
5.302147532
5.112525024
5.890585165
4.247736775
4.943848266
3.941602297
4.23999439
5.566034818
5.011774331
5.598387696
3.997852667
4.221508456
5.043891235
4.461652391
3.39626384
3.69231026
3.538816487
3.760176869
4.79186047
5.132438678
5.279010582
4.226580143
4.520592438
4.726896091
5.649220577
5.422286833
4.830009172
4.447471054
5.506088164
5.895576847
5.978192182
5.592951296
5.244474114
5.935240371
3.972148473
4.467349659
5.827733493
7.0798244
5.838306519
5.674350055
3.607539788
3.609128645
6.042164043
5.179869885
5.173057368
3.562429977
5.141285849
3.163114268
5.53874032
8.035087991
5.478544523
4.003647295
5.009024918
4.742430711
5.424236759
7.682944272
4.029545798
5.365283751
5.076218624
4.636623876
4.000004837
4.8648515
4.623594351
6.304345826
3.269153729
2.914788716
3.484201759
6.437058399
5.866180508
4.150387876
3.614678514
1.889485728
7.006338686
6.777629681
6.173204148
5.006120618
5.236364607
6.023830519
7.248292613
5.019891452
5.503034815
3.192200314
5.106149785
3.329759959
4.576726182
4.122566061
7.282405241
5.374091545
7.040291261
3.603839553
4.273580942
6.588957921
4.55555226
5.53769422
5.308624595
3.939249811
5.698448881
5.752702674
3.580123666
6.772611336
5.179758129
7.847856076
2.632576651
4.725874613
2.557053429
5.855565967
5.997196126
4.314405233
4.816538105
5.151183384
4.206867843
3.622124245
4.645328052
5.116843711
4.703098308
5.446152183
5.236343805
4.723927654
5.150974462
5.904582287
5.899110898
4.14169093
4.765859604
5.920846534
5.989653042
5.812221711
7.320105836
4.368598499
4.793583857
3.209473953
3.634861122
3.584007953
5.24411741
3.499030228
6.421635974
4.053270964
7.651665002
9.112311727
6.782691649
5.230815495
7.965650808
2.575760298
5.698402049
4.797546249
5.518879492
6.619284286
5.665046312
2.795592103
5.034778111
4.624857309
4.03035105
5.501259798
6.763063631
5.877533277
6.036410801
4.169620192
4.666068613
4.267855914
4.134267756
4.968213484
7.094509757
4.656678986
3.769476259
4.645976109
4.386811389
3.288533487
4.676214709
7.169099784
5.283260879
4.105346176
4.771833165
4.280684907
4.42532035
3.841655195
4.127126266
2.032760419
5.209844845
4.871112524
4.378459051
4.752067819
5.704000082
2.755581152
3.702544419
4.660946126
5.158335766
5.079796234
7.242828897
5.655509143
5.835565018
4.910747327
2.414411985
5.257329786
6.254646296
5.268009364
4.527477064
3.90612995
3.582796806
3.892914323
5.552112171
3.52209062
2.220939223
5.867954394
3.813917575
6.467067662
6.517566306
4.571100447
5.242748107
4.914804628
4.230572813
3.668321775
5.508389861
3.037570992
2.859124503
4.193520066
5.875749479
3.249517248
5.246166997
5.979273953
4.464536685
5.693657728
5.117693933
6.685355926
2.024079469
4.944016006
4.054329656
3.373297899
5.72564925
6.03774298
6.19644167
4.598990169
4.300275741
6.05336245
3.665675346
4.740208863
5.386203673
5.202893681
4.204149518
4.248311716
5.844051816
5.83751397
5.503945826
5.46123466
5.118739127
4.096693238
5.517395336
5.730617283
4.016843757
4.665805675
6.109492413
5.23293082
2.904916297
6.956158813
6.107068985
3.764258909
6.382908866
6.292206144
5.817300528
6.239971233
4.752326742
5.761557534
5.627008431
2.51681031
5.630340429
5.393502391
4.140676751
5.957574639
4.758279032
6.976770531
4.32555556
4.909575566
5.561289456
5.291233941
4.616986164
4.40744097
6.646703252
4.663810887
5.608055883
6.106622613
2.983456496
4.148071683
3.465440725
3.182099791
5.449667593
4.521928862
4.373559439
5.897691104
4.094358308
2.443125327
5.173748721
5.571640395
6.758322508
5.596136474
5.901193599
4.712127728
5.934927248
3.518745508
3.417525394
6.984270029
4.246953239
3.413526801
4.400347523
5.893473521
5.610117259
4.289596888
5.842626079
5.410397522
5.43794904
4.643769732
3.714365136
4.128331997
4.407635641
3.453985882
6.378518954
3.821926052
5.469074624
4.188238397
3.319108011
6.456514024
6.573910303
4.686427047
4.944051388
7.287447447
7.074981023
5.190557033
5.295978929
4.238904083
5.744689867
2.896974945
3.391032042
2.271151405
6.679465305
5.216232294
1.394614063
5.592063099
4.439658026
5.043931693
5.842387771
4.80433365
5.548807812
3.417664951
4.920715915
4.979635111
5.965306174
3.457350641
5.931452766
5.927848457
5.326675415
5.000316047
3.86659515
4.069184587
6.696133182
4.921854247
5.936722136
3.852131548
4.269403375
6.109215822
4.423398836
3.352372014
2.788101097
5.609826951
5.419006884
5.658372825
6.456576519
4.258746535
5.478421013
4.493974628
4.244382416
5.335627305
7.901027554
7.242855382
3.859931089
4.077586647
4.697345468
4.987275779
5.724260014
6.137341991
6.186838127
4.519207935
5.914212313
6.798836029
4.612681033
5.390672504
6.818067741
6.436290488
4.385200233
4.621912791
4.431053745
4.2771688
5.507172046
5.57015272
5.502170917
5.661804303
4.052677128
4.956054383
4.28033853
4.702705355
5.182851975
6.01243906
3.573312129
4.083770552
4.140021723
4.887936703
4.478032323
5.933182404
5.772149446
6.067716927
5.915006576
4.353693908
2.779227606
7.271187529
5.694818174
5.022334107
5.395412423
5.555412903
3.215132438
4.727690582
5.039073252
5.481663606
5.410560626
3.967979434
2.711611517
4.577182007
3.635166469
6.680441678
6.424919559
5.082348331
5.683758693
5.128936964
3.971189428
4.225293373
5.296600655
4.185625497
5.516527724
4.391600395
3.410039423
1.990912674
5.1766047
3.818774991
6.199078773
6.028919533
5.139919742
5.167375905
5.590354305
3.603039367
6.625584597
5.996526056
5.452276304
4.577166151
4.132903813
6.932627817
4.647706886
5.236762101
6.149620933
6.170977316
5.075943065
4.236627756
3.567559117
5.409159611
7.134907415
4.316912462
6.382556882
6.124236866
7.579255343
5.231501501
3.714941257
4.75855568
5.305975671
4.969693349
6.370403195
2.635586351
4.932364281
3.736215818
4.705194515
4.673794629
4.464160597
4.461255584
4.34496594
5.447671019
3.727507591
7.258349527
4.91626617
3.749579069
3.194628049
4.312456962
6.724434584
3.034285586
5.099805623
4.602978198
5.571491905
4.95163309
4.418529691
5.233775376
3.341695202
5.420566153
4.398969008
4.51442943
4.286667844
6.22337076
5.504298646
3.803062864
4.389140123
3.936744178
3.989514345
4.29149085
4.46440541
6.284968839
4.537793116
2.359642677
4.035835604
5.301925931
6.932222064
6.6614795
4.411681265
5.97577212
5.678428855
4.271053979
4.59290925
2.60130557
3.91870869
3.443293742
5.646918896
5.601260001
5.124039286
6.161042702
7.489106518
4.856846494
4.283083106
6.49463622
6.110633988
4.60550537
4.311923631
4.628629609
7.044823627
7.36636729
7.063671912
5.164439632
5.586658207
6.245333624
3.913369466
7.457541213
4.869284058
5.842451078
6.250258162
4.004033816
6.147926922
5.910601952
4.411687383
5.523021195
6.396050978
6.740925912
4.78094814
3.552423794
4.793561372
6.301058683
5.62961206
5.828830227
6.252086658
5.411253234
2.411765439
6.323694957
3.759845977
5.207481031
3.309201302
4.956878968
3.444215255
4.170994931
3.964110481
5.127039639
6.78454206
3.619409106
4.605416924
5.550596415
4.895961452
4.974595844
6.891203202
4.535965512
5.455113623
5.71989299
3.24330837
6.054541481
2.733397177
5.076407543
6.020375976
5.81223249
4.890802472
7.165869455
6.366275516
3.698617078
4.693435526
6.187176643
6.52701042
4.947731519
3.970511647
4.762435853
4.684900404
5.339777635
3.115769765
4.724234792
4.833083421
4.739141462
4.88402234
4.00218631
4.168071275
3.23338301
5.269610935
4.780284922
4.622030597
7.194184855
5.980744196
4.00426419
4.081350764
7.628603995
5.477890132
4.103463446
5.232671403
5.200671427
5.405549065
4.867031941
5.771742361
6.274282721
3.36184841
3.619849149
4.521751376
4.280059054
6.299862039
4.912132984
4.916679393
5.499162319
3.880418194
3.752945571
4.46281847
6.670245412
4.07406124
5.230757017
6.50461906
4.010711693
2.24639823
4.459363975
5.202583012
3.896750243
5.715081993
4.467856632
6.356883108
4.428408209
5.191782132
5.594099287
7.01560992
4.524829567
3.557356685
4.709829343
4.628791572
4.097492793
5.611433226
5.43925885
3.926194312
6.491046914
6.62812242
5.179496968
6.039169852
5.865984651
5.504134053
4.765221106
3.431227648
4.497902536
6.029451137
5.773016293
6.760500042
5.996362782
6.813045696
4.521626273
4.587031738
6.765122779
4.662395681
6.26412088
4.760277743
5.405907679
6.221050896
2.985700261
6.04419064
4.685890378
5.803273653
5.362501473
3.082945867
4.876285634
6.826083718
5.417234096
3.801895287
3.892398166
4.568816566
2.778185028
6.257085207
4.397119082
5.533759059
6.17365695
4.358073927
4.746116182
4.19834244
4.854170526
5.731891102
5.518975462
4.337104515
5.140830729
4.917916224
5.879210339
4.24671869
3.895340388
2.821883485
3.777326434
4.565303142
4.680546906
4.958487678
5.439347459
5.56324215
5.855222301
5.545396506
5.787308196
6.241615726
2.875583836
5.176140624
4.67751449
2.898026017
4.358739224
4.704454193
3.122622717
4.964236342
3.200106969
4.189421798
3.68687712
2.888308863
5.056649876
5.939697607
7.396412592
4.762671392
5.151503573
6.274337821
5.170726277
6.513330007
5.046510615
5.63148816
3.073674386
3.893090147
5.43763487
5.025867384
7.076651141
6.189244146
3.403009582
3.976641201
5.167125167
4.143793483
3.61714251
4.488662624
5.902819494
6.620176055
7.273175837
5.039776833
6.971404474
4.181652956
6.255149015
4.068623879
2.300207776
5.988184326
3.744012802
5.049476437
5.371682259
6.81520622
5.887413866
6.372437718
3.696619312
4.426225238
4.833280375
4.776888477
4.3220379
3.348714725
4.487539027
6.745876165
5.857286001
7.702643684
4.209348863
3.985672005
6.483859372
5.971876305
6.08110671
5.175436492
4.407751369
6.447808829
6.003668621
3.041472966
7.448349334
7.880290744
7.098555328
5.959096847
5.476672108
4.495679064
5.397634428
4.149547243
5.991266477
6.090328377
3.457939964
5.526059884
6.536191759
4.248794574
5.268968989
5.822830238
4.902432688
5.150439837
5.03446358
6.140605353
4.629204523
5.959972886
4.117435151
6.912458788
4.394170265
2.797146886
5.525189054
4.899737958
5.185299574
5.732835349
5.278716293
7.174832563
3.787427396
3.707928493
3.307019338
5.105825468
5.840417425
6.42768282
3.342625082
4.509609948
5.342395754
4.033690796
4.859911982
6.792166068
6.984495224
4.287047334
5.920305168
5.759107676
5.680658679
7.79515012
6.973783337
4.996226715
4.825515402
4.80957196
4.791658369
3.433062298
1.710009695
3.024742035
5.607268406
5.710396085
5.439019953
5.374211762
5.016150859
4.415373296
7.942348391
3.302790054
5.241450173
4.97343981
4.231496642
5.410549723
3.543005311
6.117727961
6.814845159
2.911287396
6.164180397
3.498568945
3.990597647
3.305082969
4.360790594
4.627512467
7.367123093
4.529025848
5.741247772
4.305004212
3.823046468
4.974789082
5.265922535
4.875529051
5.337718862
5.096548909
7.325270863
5.588244524
4.271362905
4.849326886
4.514726028
3.752836742
5.774420689
4.81110587
5.628390496
3.452780921
3.909007799
5.956363049
5.923071977
2.638414247
2.267527326
5.635203758
5.178190903
4.04406267
5.865774684
4.488565302
7.6169843
6.374789873
2.028698794
5.381665471
7.419237639
5.891762921
7.926372814
5.461053591
6.287848284
5.475442525
4.336930613
2.908742205
4.579217717
6.182056324
5.307975633
5.191433584
4.828823793
5.467450259
7.357051488
3.484472728
7.770337594
4.838305153
4.602365715
6.09707023
6.110247621
5.057630164
3.390880195
4.723160833
4.567911289
4.924023203
3.495150081
6.383261273
6.565145978
5.222725732
4.779115598
5.244117788
4.701533756
5.166586467
5.83939139
4.957796498
4.912885893
5.75809844
3.792547083
5.027387587
4.529918803
4.021847907
5.960999936
6.021222612
5.193600038
5.390107895
4.528908131
5.424130148
5.160433701
4.963810029
2.592947995
6.996124571
5.833704498
2.753713683
5.785431842
5.357451952
3.50158785
5.29172639
5.557092122
6.982704705
6.1448134
5.117959985
4.835789415
5.933353569
2.35242244
7.571023246
5.512514033
4.272613239
5.296040168
5.697492805
4.218833124
4.359597971
2.679404404
4.455906124
6.009781243
3.476838322
6.37021958
7.51868432
4.51875002
4.464127437
5.102548022
4.959430185
5.973917311
5.752141138
3.84579925
2.638030866
3.795346678
4.77400329
3.480974965
5.272174387
4.592306708
4.854285382
3.524822344
6.103363794
4.606557756
5.40314127
5.306362057
4.466886443
4.726005464
5.199598521
6.53599334
4.483221813
4.083122612
2.747140856
5.652710046
5.57202609
6.087601014
4.335912473
7.106415597
7.291130208
4.497227817
4.682622325
3.726209248
5.506197842
4.396553607
3.338904115
5.847919346
3.468909426
6.235592379
3.334693542
5.517916393
5.785771827
4.828434013
2.499021214
7.000438017
4.085744169
4.087121725
5.529560541
4.653145973
6.599421163
6.816426961
4.724188221
5.542767947
5.110519284
5.310608559
4.368163533
4.555613646
3.129336174
4.806356719
5.837930995
6.087189944
5.859315323
5.433001057
6.07481145
4.683230457
2.924110817
5.100717025
6.075331876
6.703796289
6.464328554
2.09602584
5.86287759
2.092392995
4.797728023
4.471037076
5.467994454
4.257423821
4.425605853
2.86160676
6.60176652
3.539590737
4.178824909
4.143415192
3.5393054
5.807252433
5.584674629
5.29599746
2.847841143
4.750435694
2.559335489
2.95879543
7.122452418
5.242947005
4.293362397
4.422336528
5.161862894
6.838963415
3.993513707
3.650039872
5.2596596
5.473185737
4.751877604
4.90260065
4.955503995
4.667094814
8.034099155
6.824652527
4.007052888
5.12277556
5.974160899
4.700247092
3.698040024
7.086216609
5.633079812
5.669016677
4.549765199
5.507061448
5.253670856
3.152481565
5.30310591
4.853375514
5.728598863
4.269973361
3.16976003
5.708693985
4.018996917
4.193643488
5.968359534
5.072436162
4.868607326
5.398039952
4.528525442
6.111001556
5.463880675
3.534692132
5.524616939
5.525889288
4.952189752
4.781580239
5.644171206
5.974632248
5.289841425
5.565975022
5.526081672
3.89127339
3.519001469
7.809289947
3.632222091
5.625031982
3.133910013
5.144913544
4.431710496
3.371231719
3.089196123
5.814601695
5.875611354
6.285282334
4.195294846
5.135765657
3.906992051
4.139721525
6.864860443
6.856507137
5.357368153
5.374498209
6.756758593
3.803616333
5.684782614
4.402830097
6.529599667
6.425535573
5.669620965
4.211566794
5.23635512
5.964856957
6.758486724
5.228805447
4.720073177
5.936489968
3.908098136
5.576308467
4.627932295
5.14513034
3.878262655
5.283386764
5.744677705
4.11049529
4.016888853
4.201658447
3.1580437
5.875721523
7.095627852
4.481526038
5.89867293
6.017123438
3.243407676
5.31555943
5.475493819
5.540806167
4.288343616
5.443897148
3.969689542
4.417036812
5.892424964
4.826880326
7.428090933
5.315154858
6.479783226
3.432741316
5.905456792
5.971319379
5.322585773
5.976663346
4.698640311
4.779241246
2.758088601
5.333478476
4.53224429
5.68970698
5.71177834
6.569223894
5.172838721
5.001502944
4.97466309
5.710799328
6.855727304
6.794125322
4.568407174
5.074578222
7.450169568
4.072231824
4.880822508
6.897307599
6.328898469
5.105997828
4.532875424
3.074258612
4.55190187
3.86917751
5.948113138
3.84701807
5.792488551
6.72176459
4.772310861
1.78194028
5.061299934
4.331015373
6.12323812
6.096661234
5.406086213
3.126325106
2.567072427
4.224855357
5.386477131
5.114331575
3.951499929
3.304373098
4.342677827
4.462335155
5.39352036
3.228709935
5.22994852
4.210237587
5.838888956
4.026450596
5.600971501
5.834753575
5.111006884
5.615357617
6.028629621
4.072626715
4.562955564
5.243518995
6.867688466
5.503036922
5.003513228
5.519095348
6.060526686
4.603097046
4.945713973
3.184384685
5.992703515
3.705297647
5.312204372
3.647607002
4.575862307
3.113068805
5.840609081
4.018717384
6.271662152
5.732184304
5.336340455
3.824097499
4.661950676
4.792020763
4.311844833
5.028922842
5.709997522
5.370021898
5.733780866
4.275343136
4.324370878
5.104948104
6.758752562
5.849155928
4.829059938
7.013572026
6.152722754
5.757199341
4.791610272
4.02056114
4.838809559
5.171116219
5.452118577
7.237987963
3.240083265
5.780979813
5.4815027
5.371814007
6.347573956
5.814966236
6.404079153
5.14892182
4.902901008
5.845355199
3.81645566
7.024228631
5.120544926
4.705401033
4.052020656
5.203236822
4.255585031
4.303635264
4.791577281
3.820406041
4.18653454
4.37414155
5.587051855
3.655971563
5.567686459
5.306691583
5.30716371
5.318649903
5.641783152
6.490880678
4.472132759
4.539518969
7.493377585
5.766175463
5.154514682
4.267480843
4.878686031
5.997923702
3.829269629
6.7958075
4.856765547
6.047040457
3.804835978
4.664765603
5.523742636
5.066398061
4.353677686
4.580211882
5.994416728
6.36837251
5.067101602
6.511956553
3.444504762
4.206936805
5.618485543
5.468675248
4.351213908
5.201945921
4.922448338
3.598188239
4.395390205
5.793628757
3.338227727
3.063765386
3.827742893
6.087985045
4.595050346
4.381058502
6.678983196
4.870746533
6.029222393
3.64811161
3.349119807
5.982779911
6.143496102
3.408487
4.900065579
4.971348494
4.448110835
4.880008188
4.326516937
3.72411896
3.960821486
6.566611237
4.053653927
4.684627032
3.699906266
6.687298342
6.190170815
5.083415922
4.309098276
4.249123998
5.599554934
4.256417053
5.229655835
5.878948084
4.787639558
3.036309693
6.218070582
5.271405948
6.661931852
6.193072934
5.016469957
4.736538742
4.639759611
4.215101048
5.987416577
4.990226542
5.077500388
5.624911267
4.536879376
4.0641337
3.234637559
5.082208089
4.365941358
4.499561385
6.137334922
7.388225513
6.387453562
5.118523544
4.716332105
4.957386544
5.952917174
3.908998526
5.597608267
5.859453875
3.817147855
5.079474253
3.745142712
7.054519294
5.024755973
4.144852292
3.634376944
4.849752164
2.268922991
3.407025733
5.748013739
3.866848327
4.127768808
7.853540737
6.836980908
4.219550816
6.845461154
3.938710303
5.0987664
6.817259466
4.751660182
2.40957121
2.469288758
2.811526744
3.412108303
6.339381866
5.148855007
6.377855907
5.025079683
5.251236849
4.606398867
5.245866079
4.588852312
4.559660413
3.98819803
5.630610788
5.62708151
3.751409223
4.48025724
4.826200961
5.31089294
3.069018526
5.929214979
6.56105941
5.847159693
4.893135185
6.219651817
4.975040183
4.66404863
3.594324542
5.575266333
3.946942427
4.900883539
6.607027996
5.035647273
5.899383619
4.201302644
6.384575149
3.467681428
3.2780429
4.88153122
4.736570663
2.312513317
5.757170021
4.847240575
5.573955538
4.988640607
3.864616903
4.549875859
5.654759839
3.316054377
3.919992311
5.817237973
5.837798889
6.810839424
7.047531423
4.587068927
5.764763037
4.312267003
4.988174309
3.606727459
5.7548554
5.998553406
5.452455255
3.145358334
4.702074051
4.849001349
3.506986032
4.255387399
4.344490372
3.96767149
4.927387228
5.632675769
4.52329968
1.595085074
3.704980867
6.147660851
5.910830608
3.793859894
6.407083271
3.581634529
5.43568995
6.507523175
4.292008389
6.140411528
3.730503745
3.757502486
4.638908466
5.152302644
5.776907028
4.793838759
4.048956567
5.161665411
5.698371022
5.976254248
5.226696255
5.520827521
5.323000926
5.664770276
6.852033635
4.747082016
4.178715879
8.139159236
5.383498279
6.420759076
3.722089054
5.461495266
3.827370684
4.404725359
2.638700423
4.214721653
5.178889075
7.46178419
4.605404158
7.66579537
5.624215179
7.161156307
4.230023982
4.4339605
2.915577456
5.042970353
5.069248212
5.560673114
2.877563693
6.393849982
4.049593164
6.695710525
6.045297457
5.565693718
6.641783321
6.267818942
4.033322144
4.366163271
8.034993869
3.923721303
6.668047535
4.63453072
4.808050659
5.194374433
5.515003794
5.521027695
3.786453227
6.209367611
2.137288608
4.936518867
5.271856844
5.507732103
5.504646539
5.11148704
3.272968671
4.873961205
5.009779688
2.437288891
2.258318291
5.705378903
4.546966801
4.581149154
3.587493023
4.113301475
6.603666041
3.74505395
5.357004672
6.026939278
6.653873725
5.362854904
6.579343098
5.111586343
3.131748318
4.96905681
5.782757092
5.841495117
5.16362464
4.60883504
6.101919247
5.558985437
4.871688047
5.400839021
7.607442596
3.81672328
5.23215506
5.335038551
5.179925522
5.686354853
5.352516394
4.116876588
3.638909885
5.655302427
4.878106625
5.562083614
5.437123753
3.78071653
5.466445683
5.16188905
5.026889591
3.916775964
5.191304426
5.12371732
5.711914239
6.656478832
4.505669484
3.536266373
5.46157683
2.553667442
2.280028776
1.582068898
4.569111039
6.691903235
3.548644674
4.071732184
4.308532713
5.90717414
5.378074636
5.517793355
4.436832696
3.692623734
5.468067076
6.132995662
4.261076013
5.924023716
5.308488035
4.48667104
6.003018557
7.53616173
5.300223484
3.620896516
5.750554127
3.214910322
5.735973869
4.722795755
5.743532671
4.653081347
4.896742782
3.836960027
5.023430197
3.733471471
4.007358732
5.302446972
4.668171044
1.703649271
5.298521866
3.242264968
4.643167149
6.118777121
3.952446124
5.272725786
5.214112325
6.190200862
6.175616715
5.932772657
5.02165461
4.485545823
7.916021505
6.325794793
6.832837376
5.021700395
5.271610118
5.508115419
4.149833516
3.318529453
4.169919139
4.255633989
5.990126134
4.727849636
6.851048312
4.893449682
6.398552946
7.077705416
5.48754569
5.514127299
2.5145515
7.101926908
8.950886278
3.509134867
7.147671068
3.619024346
5.58608949
4.4836985
6.509202478
7.867522246
5.182917117
4.63670652
4.299721208
3.327873418
6.375319803
5.714363176
5.035796439
6.429370964
5.564786384
5.592251156
4.383912795
5.613394544
4.903016162
5.599017946
5.826706218
5.217495403
6.526798984
4.341366686
3.788007627
5.46005771
5.630430821
3.835380202
5.847261137
4.625497013
4.729530107
8.095010853
6.340919516
6.795843367
3.515624073
6.071912355
4.777361179
3.663991144
5.037403895
6.461629021
4.276215318
5.528542445
5.679496302
6.694771009
3.481985331
4.785918285
4.160781898
6.141635675
5.518778065
4.971734239
